H10644 2 0.000972763 3 0.0769231 79.0769 4.86442 5.92079522E-05 0.0311841 HBS1L HBS1L_HUMAN
H18141 2 0.000972763 3 0.0769231 79.0769 4.86442 5.92079522E-05 0.0311841 BCL2L14 B2L14_HUMAN
H18142 2 0.000972763 3 0.0769231 79.0769 4.86442 5.92079522E-05 0.0311841 BCL2L14 B2L14_HUMAN
H21081 2 0.000972763 3 0.0769231 79.0769 4.86442 5.92079522E-05 0.0311841 C15orf56 CO056_HUMAN
H21661 2 0.000972763 3 0.0769231 79.0769 4.86442 5.92079522E-05 0.0311841 BCL2A1 B2LA1_HUMAN
H05299 10 0.00486381 4 0.102564 21.0872 5.35701 9.1442666E-05 0.0311841 TOP2B TOP2B_HUMAN
H01880 3 0.00145914 3 0.0769231 52.7181 4.95411 0.000116889826 0.0311841 XXXXXX XP32_HUMAN
H08737 3 0.00145914 3 0.0769231 52.7181 4.95411 0.000116889826 0.0311841 FAM13B FA13B_HUMAN
H09914 3 0.00145914 3 0.0769231 52.7181 4.95411 0.000116889826 0.0311841 MLN MOTI_HUMAN
H25230 3 0.00145914 3 0.0769231 52.7181 4.95411 0.000116889826 0.0311841 BCL2 BCL2_HUMAN
H25231 3 0.00145914 3 0.0769231 52.7181 4.95411 0.000116889826 0.0311841 BCL2 C9JHD5_HUMAN
H15495 4 0.00194553 3 0.0769231 39.5384 4.92627 0.000201922291 0.048338 LCOR LCOR_HUMAN
